107
1.8540413902812718
0 - Fitness: 708 played
6 1
0 7 0.05922261574376672 Disabled
1 7 -0.12698536010565306 Disabled
2 7 0.6047662468031278 Disabled
3 7 -0.02595264580708316
4 7 -0.40739441689718814 Disabled
5 7 -0.528064278061383 Disabled
6 7 0.9314442190467614
2 6 -0.019960951475589545
5 8 0.1992977911178799
8 7 0.168244272570016
1 5 -0.14239243346292663 Disabled
1 6 -0.5175349698581383 Disabled
6 4 -0.48809606978202086 Disabled

1 - Fitness: 0
6 1
0 7 -0.010223722664927867 Disabled
1 7 -0.12834158238336071
2 7 0.5593729939542498 Disabled
3 7 -0.029853859809584642
4 7 -0.4005533690233959 Disabled
5 7 -0.5078280898356137 Disabled
6 7 0.9710173737152146
2 6 0.05177856962921827
5 8 0.20408082853935633
8 7 0.168244272570016
1 5 -0.14358022256816416 Disabled
1 6 -0.47399108308275145 Disabled
6 4 -0.48809606978202086

2 - Fitness: 0
6 1
0 7 0.05725945390322162 Disabled
1 7 -0.13023159469205026
2 7 0.6054604184169028 Disabled
3 7 -0.02570539796486731
4 7 -0.4133499467136891 Disabled
5 7 -0.007335898789344893 Disabled
6 7 0.9541243052397483
2 6 -0.014366369313671617
5 8 0.1992977911178799
8 7 0.10249750472107408
1 5 -0.09058929877777838 Disabled
1 6 -0.5030073316630604 Disabled
6 4 -0.49543077141492536 Disabled
4 5 -0.29866905825728446
5 9 -0.007335898789344893
9 7 1

3 - Fitness: 0
6 1
0 7 0.0889238150063299 Disabled
1 7 -0.12702661740941165 Disabled
2 7 0.580817003914476 Disabled
3 7 -0.02595264580708316
4 7 -0.40739441689718814 Disabled
5 7 -0.528064278061383 Disabled
6 7 0.9776983914408395
2 6 -0.019758925305382313
5 8 0.27373861627578644
8 7 -0.13237254560394218
1 5 -0.1454243671007392 Disabled
1 6 -0.5405150855438084
6 4 -0.49275264736003554 Disabled

4 - Fitness: 0
6 1
0 7 -0.14668299204755245 Disabled
1 7 0.12285009427097708 Disabled
2 7 0.5920337095739863 Disabled
3 7 -0.024898545868784296
4 7 -0.41244547248290586 Disabled
5 7 -0.542345078133731
6 7 0.9042232294624084
2 6 -0.019960951475589545
5 8 0.5346725089674749
8 7 0.168244272570016
1 5 -0.20436599964789817 Disabled
1 6 -0.5184554357489473 Disabled
6 4 -0.48809606978202086 Disabled

5 - Fitness: 0
6 1
0 7 -0.11265079121665404 Disabled
1 7 -0.1221957665190217
2 7 -0.15347374424700724 Disabled
3 7 -0.02544955708725643
4 7 -0.3337933224027127 Disabled
5 7 -0.5060994974336817 Disabled
6 7 0.9116470778552994
2 6 -0.11115130269195664
5 8 0.16035721266594782
8 7 0.10759182691534137
1 5 -0.13405792496414534 Disabled
1 6 0.10183543665017325
6 4 -0.5086786092466676 Disabled

6 - Fitness: 0
6 1
0 7 0.09876346658120393 Disabled
1 7 -0.13301074585981199 Disabled
2 7 0.6047662468031278 Disabled
3 7 -0.02595264580708316
4 7 -0.4214013793779459 Disabled
5 7 -0.528064278061383 Disabled
6 7 0.38809543726510576
2 6 -0.019960951475589545 Disabled
5 8 0.19593116051047965
8 7 0.24604213105549616
1 5 -0.13790395244152193 Disabled
1 6 0.275447322179646 Disabled
6 4 -0.467053304171457 Disabled

7 - Fitness: 0
6 1
0 7 0.03206400852659827 Disabled
1 7 -0.15378166907314383 Disabled
2 7 0.61301531646565 Disabled
3 7 -0.050395571515050516
4 7 -0.41716917603999554 Disabled
5 7 -0.4799248061537006 Disabled
6 7 0.8162648470799798
2 6 -0.11356599286246621
5 8 0.1924467462245301
8 7 0.16383829788100784
1 5 -0.1044970434669054 Disabled
1 6 -0.5308728042782277 Disabled
6 4 -0.48809606978202086 Disabled

8 - Fitness: 0
6 1
0 7 -0.005491985912157035 Disabled
1 7 -0.12347185945568145 Disabled
2 7 0.5826593125005501 Disabled
3 7 -0.02595264580708316
4 7 -0.36738490665119816 Disabled
5 7 -0.528064278061383
6 7 0.9718280562481532
2 6 0.039635859004988304
5 8 0.17342686746829006
8 7 -0.36740233802761574 Disabled
1 5 -0.1870009677439907 Disabled
1 6 -0.4622655886829665 Disabled
6 4 -0.48809606978202086 Disabled

9 - Fitness: 0
6 1
0 7 0.05649780638722878 Disabled
1 7 -0.12167836717331837 Disabled
2 7 0.6071705763405557 Disabled
3 7 -0.02493368810216274
4 7 -0.33432223140616646 Disabled
5 7 -0.569488567520705 Disabled
6 7 0.8989946836767728
2 6 -0.018973212532729048
5 8 0.15363772505451856
8 7 0.168244272570016
1 5 -0.10140064150681577 Disabled
1 6 -0.4428472399310858 Disabled
6 4 -0.48809606978202086 Disabled

10 - Fitness: 0
6 1
0 7 0.08622301925247917 Disabled
1 7 -0.07448599278681195
2 7 0.6386564445736329 Disabled
3 7 -0.026188487160932673
4 7 -0.42342563731908983 Disabled
5 7 -0.5487259280030354 Disabled
6 7 0.9499692141478104
2 6 -0.019700679792560214
5 8 0.13429601949159448 Disabled
8 7 0.19363925939545856
1 5 -0.06266497096369839 Disabled
1 6 -0.5331491985736497
6 4 -0.4745683867167291 Disabled

11 - Fitness: 0
6 1
0 7 0.0639250372294167 Disabled
1 7 -0.12157684221712062
2 7 0.5731184845359569 Disabled
3 7 -0.025896455157143915
4 7 -0.28146224256910296 Disabled
5 7 -0.48143182072656976 Disabled
6 7 -0.2505380664856663
2 6 -0.17182072672425885
5 8 0.1808505943592047
8 7 0.15880860084051016
1 5 -0.15720997570621748
1 6 -0.5175349698581383 Disabled
6 4 -0.46887241889875997 Disabled

12 - Fitness: 0
6 1
0 7 0.06125242846045466 Disabled
1 7 -0.1280066089019054
2 7 0.6040435226298204 Disabled
3 7 -0.02527844782774339
4 7 -0.40739441689718814 Disabled
5 7 -0.48782759693080335 Disabled
6 7 0.8877154659407035
2 6 -0.039735093914983026
5 8 0.1977783318325759
8 7 0.17589280303465823 Disabled
1 5 -0.14156470472156252 Disabled
1 6 -0.5284914281290696 Disabled
6 4 -0.47330042604600125 Disabled

13 - Fitness: 0
6 1
0 7 0.06195493016694455 Disabled
1 7 -0.1012607489586389 Disabled
2 7 0.6183250484500119 Disabled
3 7 -0.029966434830305033
4 7 -0.403615737662901 Disabled
5 7 -0.4799286283304871 Disabled
6 7 0.8831830545042985
2 6 -0.0929823149846601
5 8 0.18489684706162157
8 7 0.2108998470101043
1 5 -0.09889629126345612 Disabled
1 6 -0.4804784700142979 Disabled
6 4 -0.5378227885577352

14 - Fitness: 91 played
6 1
0 7 0.11895835464178173 Disabled
1 7 -0.11716435156566504 Disabled
2 7 0.5424974905738847 Disabled
3 7 -0.026407870409055696
4 7 -0.37766094384629073 Disabled
5 7 -0.528064278061383 Disabled
6 7 0.9234292437571687
2 6 -0.007583597145121615
5 8 0.13675701144949953
8 7 0.11991618785568339
1 5 -0.14239243346292663 Disabled
1 6 -0.6369558149667239 Disabled
6 4 -0.48809606978202086 Disabled
2 3 -0.08687238540546745

15 - Fitness: 0
6 1
0 7 0.11678968114826033 Disabled
1 7 -0.11716435156566504
2 7 0.5424974905738847 Disabled
3 7 -0.017683504888149668 Disabled
4 7 -0.33484012361611076
5 7 -0.5259691994024818 Disabled
6 7 0.9436981564564243
2 6 0.06919627074227815
5 8 0.17768319279796474
8 7 0.11880355032506179
1 5 -0.13992289812809167 Disabled
1 6 -0.089542574383023 Disabled
6 4 -0.4829172918763873 Disabled
2 3 -0.14877666328339925
3 4 0.04815477610444319

16 - Fitness: 137 played
6 1
0 7 0.13861709530534455 Disabled
1 7 0.16360549984365913 Disabled
2 7 0.5735199363765854 Disabled
3 7 -0.037748525481195415
4 7 0.005293949173902049 Disabled
5 7 -0.4419525799449954 Disabled
6 7 0.970243028441045
2 6 -0.12632353542393293
5 8 0.4724501245093443
8 7 -0.321537915684268 Disabled
1 5 -0.24262427272236717 Disabled
1 6 -0.2247916775983432
6 4 -0.4853859987058827 Disabled
2 0 -0.5237917797679909 Disabled
6 5 -0.4084850383610201

17 - Fitness: 0
6 1
0 7 0.14196620492817627 Disabled
1 7 0.23801253645887688
2 7 0.5509407549289506 Disabled
3 7 -0.03633396977471816
4 7 0.038353150308153894 Disabled
5 7 -0.4296431943192447 Disabled
6 7 0.9611852156631941
2 6 -0.1860557914447656
5 8 0.4791918118595711
8 7 -0.29052324287062226 Disabled
1 5 -0.25109762611994746 Disabled
1 6 -0.2247916775983432
6 4 -0.43512236504016305
2 0 0.21937142498244336 Disabled
6 5 -0.4251340060785408

18 - Fitness: 481 played
6 1
0 7 -0.18059804549361666 Disabled
1 7 0.19083750750353407 Disabled
2 7 0.17177358256841854 Disabled
3 7 -0.005184935687480307
4 7 -0.11255019605687637 Disabled
5 7 -0.22247292080771755 Disabled
6 7 0.13777066145746927
2 6 0.13277909126078044
6 8 0.2827564964488096
8 7 0.9346699155252052
8 4 -0.15173481963574179 Disabled
0 4 -0.16252891462086072 Disabled

19 - Fitness: 0
6 1
0 7 -0.4299918047876195 Disabled
1 7 0.0988825262937983 Disabled
2 7 0.14927438440356153 Disabled
3 7 0.06594419069313809
4 7 -0.12893400613734513 Disabled
5 7 -0.2085766102345623 Disabled
6 7 0.1457245242184134
2 6 0.13049436907607107
6 8 0.28862604817300874 Disabled
8 7 1.0064116061012678
8 4 -0.15464830914075417 Disabled
0 4 -0.16252891462086072 Disabled

20 - Fitness: 0
6 1
0 7 -0.1063126408072142 Disabled
1 7 0.13156606327441098 Disabled
2 7 0.09402416754256275 Disabled
3 7 -0.0054080888438302974
4 7 -0.06391973162618264 Disabled
5 7 -0.30541910761515484 Disabled
6 7 0.10878769179609908
2 6 0.13277909126078044
6 8 0.3247961875812663
8 7 0.9037630281589446
8 4 -0.1856084231916994 Disabled
0 4 -0.17753437755871604 Disabled

21 - Fitness: 0
6 1
0 7 -0.17261107061887643 Disabled
1 7 0.1912658013762181 Disabled
2 7 0.09436924911395535 Disabled
3 7 -0.005016047972378447
4 7 -0.11255019605687637 Disabled
5 7 -0.1567860709405571 Disabled
6 7 0.14269297233460268
2 6 0.21730523957355233
6 8 0.2730547302004266
8 7 0.9346699155252052
8 4 -0.1510714763875259 Disabled
0 4 -0.16008383710202784 Disabled

22 - Fitness: 0
6 1
0 7 -0.21648859023945516 Disabled
1 7 0.18206754149070845 Disabled
2 7 0.23441205154635403 Disabled
3 7 0.039126255864588594
4 7 -0.11220175486084137 Disabled
5 7 -0.22247292080771755 Disabled
6 7 0.14449662677605923
2 6 0.1292004689657048
6 8 0.2942238244455239
8 7 0.9010922778504573
8 4 -0.15173481963574179 Disabled
0 4 -0.09488116281773976 Disabled

23 - Fitness: 0
6 1
0 7 -0.11174952842369586
1 7 0.15969789577790078 Disabled
2 7 0.13484607633819956 Disabled
3 7 -0.005179402614511209
4 7 -0.12357881703161651
5 7 -0.22247292080771755 Disabled
6 7 0.08671957470389807
2 6 0.1255728633622146
6 8 0.31218696507224103
8 7 0.9905552900027502
8 4 -0.08574678083387265 Disabled
0 4 -0.15691505034423253 Disabled

24 - Fitness: 0
6 1
0 7 -0.10663825276811621 Disabled
1 7 0.178235011790532 Disabled
2 7 0.1627048337785722 Disabled
3 7 -0.005735422761957673
4 7 -0.12407616889946074 Disabled
5 7 -0.2499662290733202 Disabled
6 7 0.09783046281537053 Disabled
2 6 0.13400398572363295
6 8 0.2993601371032446
8 7 1.0377179379184986
8 4 -0.08574678083387265 Disabled
0 4 -0.15544727188774923 Disabled

25 - Fitness: 0
6 1
0 7 -0.18922957064014106 Disabled
1 7 0.1837211774587827 Disabled
2 7 0.1746199209517242
3 7 -0.005184935687480307
4 7 -0.11255019605687637 Disabled
5 7 -0.22247292080771755 Disabled
6 7 0.13924908566396357
2 6 0.14912506495950525
6 8 0.2756434249498584
8 7 0.9615765382234247
8 4 -0.15173481963574179 Disabled
0 4 -0.16532815039332563 Disabled
4 6 -0.14020115041157885

26 - Fitness: 0
6 1
0 7 -0.11917085265089758 Disabled
1 7 0.22364370820612997 Disabled
2 7 0.11436281874698304 Disabled
3 7 -0.0007430410737380502
4 7 -0.10991278674419536 Disabled
5 7 -0.21601888892924867 Disabled
6 7 0.14433965698995033 Disabled
2 6 0.1798223972073079
6 8 0.2900538177734354
8 7 0.9451126539435638
8 4 -0.14895315463373487 Disabled
0 4 -0.14788014052674603 Disabled

27 - Fitness: 0
6 1
0 7 0.3271442489419997 Disabled
1 7 0.19083750750353407 Disabled
2 7 0.16714725483008572 Disabled
3 7 -0.06193115782970142
4 7 -0.11255019605687637 Disabled
5 7 -0.22247292080771755 Disabled
6 7 0.16417591149478084
2 6 0.13277909126078044
6 8 0.2827564964488096
8 7 0.9391659441212825
8 4 -0.15173481963574179 Disabled
0 4 -0.1711611060678188

28 - Fitness: 74.5 played
6 1
0 7 -0.16854325162688416 Disabled
1 7 0.19736453128494771 Disabled
2 7 0.17177358256841854 Disabled
3 7 -0.005291760134816176
4 7 -0.11119972201669315 Disabled
5 7 -0.22247292080771755 Disabled
6 7 0.1304245734776872
2 6 0.12573436880902905
6 8 0.29886214981891557 Disabled
8 7 0.8884278147080891 Disabled
8 4 -0.15173481963574179 Disabled
0 4 -0.16305639426261256 Disabled
2 3 0.061602461657960315

29 - Fitness: 0
6 1
0 7 -0.22046316756348316 Disabled
1 7 -0.22718104167547107 Disabled
2 7 0.10438601314792782 Disabled
3 7 0.23703508432601827
4 7 -0.11669650049746035 Disabled
5 7 -0.5499244960527657 Disabled
6 7 0.12743162916706072
2 6 0.13933455940016803
6 8 0.36535281139795833 Disabled
8 7 0.9190821556228542 Disabled
8 4 0.09284206463596793 Disabled
0 4 -0.21974513678372026 Disabled
2 3 0.061602461657960315 Disabled

